0
-1
-2
2
17
40
71
98
117
121
116
97
71
36
-3
-41
-77
-102
-121
-125
-121
-101
-75
-40
-2
37
72
98
117
121
116
97
71
36
-3
-41
-77
-102
-121
-125
-121
-101
-75
-40
-2
37
72
98
117
122
117
98
72
36
-3
-40
-76
-102
-121
-125
-121
-101
-75
-40
-2
37
72
98
117
122
117
98
71
36
-3
-41
-77
-102
-121
-125
-121
-101
-75
-40
-2
37
72
98
117
121
116
97
71
36
-3
-40
-76
-101
-120
-125
-121
-102
-76
-41
-3
36
71
98
116
121
116
97
71
36
-3
-41
-77
-102
-122
-126
-122
-102
-76
-40
-3
36
72
98
117
122
117
98
72
36
-2
-40
-76
-101
-120
-125
-121
-102
-76
-40
-2
37
72
98
117
121
116
97
71
36
-3
-40
-76
-102
-122
-126
-121
-102
-76
-40
-2
36
72
98
117
122
117
98
72
36
-3
-41
-76
-102
-121
-125
-120
-101
-75
-40
-2
37
72
98
116
121
116
98
72
37
-2
-40
-76
-102
-121
-125
-121
