334
-44
-44
-423
-423
223
-156
490
-490
155
155
-446
-265
-397
-224
-69
500
-330
194
-66
-452
-418
-412
-424
-380
272
-153
490
-490
155
155
-446
-265
-397
-224
-69
500
-330
194
-66
-452
-418
-412
-424
-380
272
225
-155
-112
111
-112
-111
492
-63
-491
-113
-145
49
-452
-66
-452
-418
-412
-424
-380
272
225
-155
-112
111
-490
-490
114
-19
154
-69
500
-330
194
-66
-452
-418
-412
-424
-380
272
-153
490
-490
155
155
-446
114
-19
-491
265
233
-418
-452
-110
-452
-374
233
-336
-491
-441
-265
156
-223
199
-223
200
381
-397
-224
-69
122
316
461
-401
-185
-330
500
-113
-491
-63
492
-111
-112
111
-490
490
-153
316
266
-380
-412
-418
-452
-110
-73
5
-412
-380
266
-107
492
490
-490
155
-490
-67
114
-441
154
-113
500
-330
194
-22
194
-374
-145
-157
-113
316
-153
-111
-112
111
-490
490
492
-63
-113
-336
233
-374
-452
-110
-73
-39
-34
-424
266
-107
492
-490
-490
-446
-490
-490
114
-485
-113
-380
233
-374
-452
-66
194
