0
-1
-2
1
17
38
70
96
116
118
114
95
68
32
-6
-44
-79
-104
-124
-126
-122
-102
-77
-41
-2
35
71
97
116
118
114
95
68
32
-6
-44
-79
-104
-124
-126
-122
-102
-77
-41
-2
35
71
97
116
119
116
96
69
34
-4
-43
-79
-104
-123
-126
-122
-102
-77
-41
-2
35
71
97
116
119
116
96
69
33
-5
-44
-79
-104
-124
-126
-122
-102
-77
-41
-2
35
71
97
116
118
114
95
69
33
-5
-42
-77
-102
-122
-125
-122
-103
-78
-43
-5
33
69
95
114
117
114
94
68
32
-6
-44
-80
-105
-125
-128
-124
-104
-79
-43
-4
34
69
96
116
119
116
97
71
34
-4
-42
-77
-102
-122
-125
-122
-103
-78
-42
-3
35
70
97
116
118
115
95
69
33
-4
-43
-79
-104
-124
-127
-124
-103
-78
-42
-3
34
70
96
116
119
116
97
70
34
-4
-43
-78
-103
-122
-125
-122
-102
-76
-41
-3
35
70
96
115
118
115
96
70
34
-3
-42
-78
-103
-122
-126
-124
