0
-1
-2
1
17
39
70
97
116
120
116
96
70
34
-4
-42
-77
-103
-122
-126
-121
-102
-76
-40
-2
36
71
97
116
120
116
96
70
34
-4
-42
-77
-103
-122
-126
-121
-102
-76
-40
-2
36
72
98
117
120
117
97
71
35
-3
-42
-77
-102
-121
-126
-121
-102
-76
-40
-2
36
72
98
117
120
116
97
70
34
-4
-42
-77
-103
-122
-126
-121
-102
-76
-40
-2
36
71
97
116
120
116
96
70
34
-3
-41
-76
-102
-121
-125
-121
-102
-76
-41
-3
34
70
96
115
119
115
96
69
34
-4
-42
-78
-103
-123
-127
-122
-103
-77
-42
-3
35
71
97
117
120
116
97
71
35
-2
-41
-76
-102
-121
-125
-121
-102
-76
-41
-2
35
71
97
116
120
116
97
70
34
-4
-42
-77
-103
-122
-126
-122
-102
-77
-41
-3
35
71
97
117
120
116
97
71
35
-3
-41
-76
-102
-121
-125
-121
-101
-75
-40
-2
35
71
97
116
120
116
97
70
35
-3
-41
-76
-102
-121
-126
-122
