0
-1
-2
6
32
41
-3
-57
-92
-130
-161
-147
-88
-55
-95
-147
-140
-112
-83
-45
-14
-21
-53
-60
-10
32
-1
-56
-92
-130
-161
-147
-88
-55
-95
-147
-140
-112
-83
-45
-14
-21
-53
-60
-10
32
-2
-58
-83
-85
-93
-103
-70
-11
-27
-102
-131
-114
-84
-45
-14
-21
-53
-60
-10
32
-2
-58
-83
-85
-92
-101
-79
-57
-96
-147
-140
-112
-83
-45
-14
-21
-53
-60
-10
32
-1
-56
-92
-130
-161
-147
-89
-57
-87
-104
-62
-21
-4
1
-14
-66
-132
-151
-87
-9
-18
-99
-160
-176
-170
-145
-87
-55
-95
-147
-139
-110
-91
-88
-92
-112
-130
-102
-27
-11
-70
-103
-93
-85
-82
-56
-11
-13
-79
-106
-63
-21
-4
1
-15
-68
-123
-106
-19
34
0
-56
-92
-130
-162
-149
-79
-9
-26
-102
-130
-112
-93
-90
-83
-66
-61
-56
-18
-13
-71
-103
-93
-85
-82
-56
-10
-11
-88
-151
-132
-66
-14
1
-5
-23
-54
-60
-9
34
-10
-101
-162
-178
-162
-101
-9
36
-18
-106
-122
-66
-24
-45
-73
