334
-44
426
-423
368
-31
395
-389
-362
-27
-313
354
509
-130
-347
-50
-269
-77
464
-136
415
-174
-415
-243
435
-323
362
257
-362
-27
-313
354
509
-130
-347
-50
-269
-77
464
-136
415
-174
-415
-243
435
-323
314
209
-411
-76
-410
257
411
-226
-443
-99
-318
-125
416
-136
415
-174
-415
-243
435
-323
314
209
-411
-76
-362
305
460
-178
-395
-50
-269
-77
464
-136
415
-174
-415
-243
435
-323
362
257
-362
-27
-313
354
461
-178
-444
-147
-366
-174
414
-184
415
-125
-366
-146
-444
-178
508
353
-265
21
-264
402
-467
-130
-347
-50
-221
-29
-463
-39
-511
-77
-270
-99
-443
-226
411
257
-410
-76
-363
257
363
-274
483
-195
-414
-174
414
-184
367
-173
-415
-195
484
-275
410
257
-362
-27
-361
306
460
-178
-395
-99
-270
-77
465
-87
464
-125
-318
-147
-492
-274
363
257
-410
-76
-363
257
411
-226
-492
-146
-366
-125
415
-184
366
-222
-463
-243
483
-275
411
305
-361
-27
-361
305
459
-227
-492
-195
-367
-125
416
-136
463
