0000000000
0010011110
0000000000
0110011110
0000000000
0111111111
1111111111
0110011110
1111111111
0010011110
1111111111
1101100001
1111111111
1001100001
1111111111
1000000000
0000000000
1001100001
0000000000
1101100001
0000000000
0010011110
0000000000
0110011110
0000000000
0111111111
1111111111
0110011110
1111111111
0010011110
1111111111
1101100001
1111111111
1001100001
1111111111
1000000000
0000000000
1001100001
0000000000
1101100001
0000000000
0010011110
0000000000
0110011110
0000000000
0111111111
0000000000
0110011110
1111111111
0010011110
0000000000
1101100001
1111111111
1001100001
1111111111
1000000000
0000000000
1001100001
0000000000
1101100001
0000000000
0010011110
0000000000
0110011110
0000000000
0111111111
0000000000
0110011110
1111111111
0010011110
1111111111
1101100001
1111111111
1001100001
1111111111
1000000000
0000000000
1001100001
0000000000
1101100001
0000000000
0010011110
0000000000
0110011110
0000000000
0111111111
1111111111
0110011110
1111111111
0010011110
1111111111
1101100001
0000000000
1001100001
0000000000
1000000000
0000000000
1001100001
1111111111
1101100001
1111111111
0010011110
0000000000
0110011110
1111111111
0111111111
1111111111
0110011110
1111111111
0010011110
1111111111
1101100001
1111111111
1001100001
1111111111
1000000000
1111111111
1001100001
1111111111
1101100001
0000000000
0010011110
1111111111
0110011110
0000000000
0111111111
0000000000
0110011110
0000000000
0010011110
1111111111
1101100001
0000000000
1001100001
0000000000
1000000000
0000000000
1001100001
1111111111
1101100001
0000000000
0010011110
0000000000
0110011110
0000000000
0111111111
1111111111
0110011110
1111111111
0010011110
0000000000
1101100001
1111111111
1001100001
1111111111
1000000000
1111111111
1001100001
0000000000
1101100001
0000000000
0010011110
1111111111
0110011110
0000000000
0111111111
0000000000
0110011110
0000000000
0010011110
1111111111
1101100001
1111111111
1001100001
0000000000
1000000000
0000000000
1001100001
0000000000
1101100001
0000000000
0010011110
0000000000
0110011110
1111111111
0111111111
1111111111
0110011110
0000000000
0010011110
0000000000
1101100001
1111111111
1001100001
0000000000
1000000000
1111111111
1001100001
0000000000
1101100001
1111111111
